1111119 1Λ ’9911119111 3119311999 (0.19111111111191Ι 11191111110 91.
19 31111193119991 3119ῡεῖ 111 11111.101;ἶ11191 11191193 9110113 111
(3111191 9339 1111119111311 9111 1111 111911111Ῑ1 11111οΜ ’91111113
311311130111111 311110 11011Ῑ1 1191111111 0111119911911 11011 (1111119111
-111 113 11111101111 111119991011Ι 111111111111Ῑ1 nub 111 (311Χ911Ι
1 -um 111113 1111111011110 11191111 01111113 119111111 910111111 (1111οε
3111111911 3111113191 19 3111111111111119 11111191111 119111 111911111Ῑ1
eumd 11 (111111110 19111111 (03[ξ[, ῑ139 31131οΧ9 1119110111
-193 3111911111 913 911111 (139 111111991191Ι {qu pon&
·111130(Ῑ1111 11111119 3111111111 11111113 1111
[3119911911 1119011 9111111019111111113011 11111111193 911Ῑ111111 1193 ςῖ,
(11111111 111 11111103 11011 111 (1111111119οᾶ 01111131109 11191111110 19
11111191111111 111 91 0133111113 19 9111111011 111111111110 1111110131
19 09111 (919111111111)7 (1111Ῑ1111 ((0351, 0111.)οΛ 93 1111 0111
31111911111111111* 911111 4-11119111111131311Ῑ9 19 1191111 (1191113919
(1119101911 (1111301ἶ11109 31111111 31113 31111111ῑῖ 11 anub (11111111 (s.
-1119 111111111991131119 111 (11111911111111111 30113011191111 11111119
1193 (30113 191111 11111103 11011 113 31111311) 19 ,111111919111
111Ῑ1 111 (391391101119 311111313111 1191111111 1111131Ι1 1111191111111
9111111019119 911Ῑ1111 111111911193 11111113011111111111110 111 (111911119130
31111111.) (1Χ111 91111Ῑ1 (3111111111) 39 11199111 111 91111Ῑ1 1119111911011Ῑ ‹21
11011Ῑ1 111 (311111191911109 39 9111131111 911Ῑ131111111 3111Ῑ1111111
111119 911119111111111 99911119 111111 1111011110 91111 19 11911901Ῑ [ῖς]
111 11111103 11011 111Ῑ1 111 (11191191011901) 19 1011193 11111113011
111 11111111011Ῑ1, (1111111Ῑ1111 (1911911111111111, 31111111191111931111 0191
311111111110 ί(ζ111191911111111109 3111901Ῐ 99911111111191) 31331119 ιη
31111111 191111 111 (111191111 3111οΛ 3991111111 31111311) (1111111111
19111111, (1Χ111 (111111Ῑ111111χ1, (1111919111 91131130.) 1111119911) 111111
19 1933111119130 3111991Η 1111111119111 93 311111111 11111111 111119
pou& [1911991 3111011 31110111193 31119 11111)1”11ιε1γ11()111ε
11111911) 111 (19 111911111113 93111 1111919111 03011111) 9101111 ς
111 11191191 9111 11 &nub 19 911111111 1111113911 1113111911
111 31113111 39111111 19 1111119 39911 (11111191111 9331111 9111
αοιεωορόλε «11) imm 111 11011 311199111111 (1111391 19 (1111111111
139 11199119ςῖ 1111119 111111111011 (1111191110111 911111111, (111111111111

1 L ’3111011 :m (3111111119

